5AB6000152202008253AB23844999 2  120   7 12004200 01 04 2361611  1ZE2 9PLZE2 9PL10    07000       00C910019 0 00  0              00  0              000     025    012:5700 1    0     0 0          000
5AB6000152202008253AB23843999 1  120   0 10000000 00 00 0  0  0  0AB345GZ       00    07000       00C910019 0 00  0              00  0              000     00     012:5600 1    0     0 0          000
5AB6000152202008253AB23842999 1  120   0 10000000 00 00 0  0  0  0AB241SE       00    07000       00C910019 0 00  0              00  0              000     00     012:5600 1    0     0 0          000
5AB6000152202008253AB23841999 1  120   0 10000000 00 00 0  0  0  0AB167DS       00    07000       00C910019 0 00  0              00  0              000     00     012:5600 1    0     0 0          000
5AB6000152202008253AB23840999 1  120   0 10000000 00 00 0  0  0  0AB393NR       00    07000       00C910019 0 00  0              00  0              000     00     012:5600 1    0     0 0          000
5AB6000152202008253AB23839999 2  120   7 12004200 01 04 2341621  1AB419AWAB419AW10    07000       00C910042 0 00  0              00  0              000     019    012:5600 1    0     0 0          000
5AB6000152202008253AB23838999 1  120   0 10000000 00 00 0  0  0  0AB228LL       00    07000       00C910042 0 00  0              00  0              000     00     012:5500 1    0     0 0          000
5AB6000152202008253AB23837999 1  120   0 10000000 00 00 0  0  0  0AB314JL       00    07000       00C910042 0 00  0              00  0              000     00     012:5500 1    0     0 0          000
5AB6000152202008253AB23836999 1  120   0 10000000 00 00 0  0  0  0AB238UG       00    07000       00C910042 0 00  0              00  0              000     00     012:5500 1    0     0 0          000
5AB6000152202008253AB23835999 1  120   0 10000000 00 00 0  0  0  0AB253XA       00    07000       00C910042 0 00  0              00  0              000     00     012:5400 1    0     0 0          000
5AB6000152202008253AB23834999 2  120   7 12004200 01 04 2381621  1AB422ALAB422AL10    03000       00C910008 0 00  0              00  0              000     034    012:5400 1    0     0 0     310  000
5AB6000152202008253AB23833999 1  120   0 10000000 00 00 0  0  0  0AB555JU       00    03000       00C910008 0 00  0              00  0              000     00     012:5300 1    0     0 0     310  000
5AB6000152202008253AB23832999 1  120   0 10000000 00 00 0  0  0  0AB167LJ       00    03000       00C910008 0 00  0              00  0              000     00     012:5300 1    0     0 0     310  000
5AB6000152202008253AB23831999 1  120   0 10000000 00 00 0  0  0  0AB393RX       00    03000       00C910008 0 00  0              00  0              000     00     012:5300 1    0     0 0     310  000
5AB6000152202008253AB23830999 1  120   0 10000000 00 00 0  0  0  0ZE2 9DW       00    03000       00C910008 0 00  0              00  0              000     00     012:5300 1    0     0 0     312  000
5AB6000152202008253AB23829999 2  120   7 12004200 01 04 2031211  1AB158UDAB158UD10    03000       00C910023 0 00  0              00  0              000     015    012:5200 1    0     0 0     310  000
5AB6000152202008253AB23828999 1  120   0 10000000 00 00 0  0  0  0AB117SQ       00    03000       00C910023 0 00  0              00  0              000     00     012:5100 1    0     0 0     310  000
5AB6000152202008253AB23827999 1  120   0 10000000 00 00 0  0  0  0AB315TT       00    03000       00C910023 0 00  0              00  0              000     00     012:5000 1    0     0 0     310  000
5AB6000152202008253AB23826999 1  120   0 10000000 00 00 0  0  0  0ZE2 9XS       00    03000       00C910023 0 00  0              00  0              000     00     012:4500 1    0     0 0     312  000
5AB6000152202008253AB23825999 1  120   0 10000000 00 00 0  0  0  0AB416DA       00    03000       00C910023 0 00  0              00  0              000     00     012:4500 1    0     0 0     310  000
5AB6000152202008253AB23824999 2  120   7 12004200 01 07 2091482  1ZE2 9XNZE2 9XN10    03000       00C910002 0 00  0              00  0              000     061    012:3900 1    0     0 0     312  000
5AB6000152202008253AB23823999 1  120   0 10000000 00 00 0  0  0  0AB555EF       00    03000       00C910002 0 00  0              00  0              000     00     012:3800 1    0     0 0     310  000
5AB6000152202008253AB23822999 1  120   0 10000000 00 00 0  0  0  0AB392PX       00    03000       00C910002 0 00  0              00  0              000     00     012:3800 1    0     0 0     310  000
5AB6000152202008253AB23821999 1  120   0 10000000 00 00 0  0  0  0AB210RU       00    03000       00C910002 0 00  0              00  0              000     00     012:3800 1    0     0 0     310  000
5AB6000152202008253AB23820999 1  120   0 10000000 00 00 0  0  0  0AB526QH       00    03000       00C910002 0 00  0              00  0              000     00     012:3800 1    0     0 0     310  000
5AB6000152202008253AB23819999 2  120   7 12004200 01 04 2381611  1AB368UJAB368UJ10    07000       00C910081 0 00  0              00  0              000     015    012:3700 1    0     0 0          000
5AB6000152202008253AB23818999 1  120   0 10000000 00 00 0  0  0  0ZE2 9DW       00    07000       00C910081 0 00  0              00  0              000     00     012:3700 1    0     0 0          000
5AB6000152202008253AB23817999 1  120   0 10000000 00 00 0  0  0  0AB393QL       00    07000       00C910081 0 00  0              00  0              000     00     012:3700 1    0     0 0          000
5AB6000152202008253AB23816999 1  120   0 10000000 00 00 0  0  0  0AB436ST       00    07000       00C910081 0 00  0              00  0              000     00     012:3600 1    0     0 0          000
5AB6000152202008253AB23815999 1  120   0 10000000 00 00 0  0  0  0AB210AB       00    07000       00C910081 0 00  0              00  0              000     00     012:3600 1    0     0 0          000
5AB6000152202008253AB23814999 2  120   7 12004200 01 04 2341092  1ZE1 0QHZE1 0QH10    07000       00C910009 0 00  0              00  0              000     036    012:3600 1    0     0 0          000
5AB6000152202008253AB23813999 1  120   0 10000000 00 00 0  0  0  0AB123FA       00    07000       00C910009 0 00  0              00  0              000     00     012:3500 1    0     0 0          000
5AB6000152202008253AB23812999 1  120   0 10000000 00 00 0  0  0  0AB242GF       00    07000       00C910009 0 00  0              00  0              000     00     012:3500 1    0     0 0          000
5AB6000152202008253AB23811999 1  120   0 10000000 00 00 0  0  0  0AB338HZ       00    07000       00C910009 0 00  0              00  0              000     00     012:3500 1    0     0 0          000
5AB6000152202008253AB23810999 1  120   0 10000000 00 00 0  0  0  0ZE3 9JS       00    07000       00C910009 0 00  0              00  0              000     00     012:3500 1    0     0 0          000
5AB6000152202008253AB23809999 2  120   7 12004200 01 04 2291611  1AB228ZWAB228ZW10    07000       00C910046 0 00  0              00  0              000     017    012:3400 1    0     0 0          000
5AB6000152202008253AB23808999 1  120   0 10000000 00 00 0  0  0  0ZE2 9JA       00    07000       00C910046 0 00  0              00  0              000     00     012:3400 1    0     0 0          000
5AB6000152202008253AB23807999 1  120   0 10000000 00 00 0  0  0  0AB241XX       00    07000       00C910046 0 00  0              00  0              000     00     012:3400 1    0     0 0          000
5AB6000152202008253AB23806999 1  120   0 10000000 00 00 0  0  0  0AB117UW       00    07000       00C910046 0 00  0              00  0              000     00     012:3400 1    0     0 0          000
5AB6000152202008253AB23805999 1  120   0 10000000 00 00 0  0  0  0AB345JU       00    07000       00C910046 0 00  0              00  0              000     00     012:3400 1    0     0 0          000
5AB6000152202008253AB23804999 2  120   7 12004200 01 04 2291611  1AB392GXAB392GX10    07000       00C910045 0 00  0              00  0              000     013    012:3300 1    0     0 0          000
5AB6000152202008253AB23803999 1  120   0 10000000 00 00 0  0  0  0AB167NJ       00    07000       00C910045 0 00  0              00  0              000     00     012:3300 1    0     0 0          000
5AB6000152202008253AB23802999 1  120   0 10000000 00 00 0  0  0  0AB124QW       00    07000       00C910045 0 00  0              00  0              000     00     012:3300 1    0     0 0          000
5AB6000152202008253AB23801999 1  120   0 10000000 00 00 0  0  0  0AB345NL       00    07000       00C910045 0 00  0              00  0              000     00     012:3200 1    0     0 0          000
5AB6000152202008253AB23800999 1  120   0 10000000 00 00 0  0  0  0AB451FW       00    07000       00C910045 0 00  0              00  0              000     00     012:3200 1    0     0 0          000
